823033
826656
828226
830875
829380
832539
839389
820561
826346
830604
636962
642724
697230
650645
714898
694479
641111
659354
659354
626687
787082
777756
670185
714342
655599
818773
813036
818491
818413
829484
835554
579406
835210
741446
609951
742519
591623
633678
555472
839368
556104
610285
654456
822641
833882
811290
811281
809037
536127
475679
616768
578295
486195
564927
488566
535383
484477
498704
518011
839069
836541
526652
803641
803891
806197
805493
804524
805493
805643
805274
808543
808948
807970
464769
462830
639092
441944
453014
814546
837964
749192
687665
830064
798046
802086
800030
834037
834257
400598
392293
485418
402730
358935
494320
713834
511967
653671
344519
794513
829672
797262
796689
818679
833826
322479
317095
685401
827205
405899
836836
393948
278798
307559
781469
784933
821867
787807
274717
817367
200251
615915
835224
249389
835419
660037
517571
417659
737355
301994
451062
274717
257474
668085
627949
817367
668085
836213
274717
816956
784933
784933
785977
730351
783730
196979
482249
232121
522170
482249
186242
257867
837411
774900
778205
836653
93391
76985
296884
111815
838013
341234
314692
704786
773082
784167
773082
794413
558969
750798
276775
58165
75823
426040
58817
632217
811089
426040
747747
769078
769522
771110
684409
827439
500435
90119
510750
500435
369005
28603
762475
833858
183249
826266
838127
169659
838127
58775
833867
755065
784187
839541
834058
834022
834271
588159
713245
758320
834271
56457
335495
834022
834058
834271
631324
10498
27129
834271
834022
747382
833867
834057
275070
461585
767094
760992
529484
156271
646830
423585
168830
801492
34881
323523
218662
506040
799159
612517
761798
228523
835407
835619
171105
34881
467940
739163
752615
743738
708443
145395
39009
541779
728848
327941
545066
730795
733237
720587
727319
727641
725296
723801
716951
826472
717346
719477
718789
720362
712310
708875
717346
826472
714297
716951
708875
709328
708875
710040
708532
700290
693660
704026
702631
835181
835320
844477
838734
840290
826403
830755
835343
839389
832067
837897
777756
743571
638476
793201
777756
680579
654337
789659
777756
703156
717955
641111
683062
654337
662318
767532
793201
820561
821277
822774
824157
824600
822983
823033
837607
838818
604390
611148
645093
599705
839368
835210
607250
668707
609951
822032
571856
607508
604192
565874
717633
690626
817908
813782
817538
829484
842192
840482
507732
805326
764450
840482
495750
518011
488104
815941
814578
830698
474819
479468
766971
468212
433770
830339
804524
805643
808543
400598
358935
369212
361461
728574
650366
691308
598536
356467
402730
713834
371736
274426
346233
301697
573738
276449
340211
316906
307559
276449
796939
817395
797262
615915
737355
302745
835419
274717
668982
561819
293133
222639
808209
267343
274717
790851
793162
783730
482249
196979
710819
167394
764708
143052
611237
192665
817466
781674
785202
785542
698023
120478
482249
843587
769828
398530
778205
750798
48424
314692
276775
211912
56515
314692
811089
75823
111815
772339
824579
773082
189891
236460
803128
398782
803072
827439
787213
765680
811287
766989
811287
766482
587650
770715
818467
842005
512190
755214
189649
842005
423066
762475
813640
57522
817211
29588
713582
842853
831230
766984
834271
735328
844538
755065
752648
756334
755329
534107
254782
6473
43342
160951
330493
842054
818656
461585
534107
38334
108729
423585
340791
534107
834022
747006
750360
228498
835619
673633
492070
290895
34881
462782
660374
746878
743956
644634
578260
277825
48702
774044
667462
739480
730795
731769
733824
723046
771762
774191
826472
844474
710040
840702
838818
849775
844814
846108
847190
689187
693660
777756
683902
661518
643381
651207
818810
777756
654337
708875
849024
675505
846769
702631
662318
716776
647391
675505
689099
824119
824121
825268
826403
826346
831087
828655
835343
842631
749914
657441
607685
626699
839368
645093
822032
567641
793018
633061
835210
777756
843354
822983
825268
822587
845862
823033
499772
845654
491066
501917
847944
842095
526652
820731
535383
847944
816752
813869
816752
453014
452343
847508
436097
791229
840482
639092
468337
462830
810450
810450
810236
815199
369212
394285
845876
383987
834037
356467
378739
650366
487488
817339
618246
817339
800843
806200
804907
803891
806197
804141
804140
808543
480527
297637
846149
805797
346233
341944
362126
317095
340211
523663
796939
796086
800030
848807
848807
713797
842857
777674
274717
615915
270270
222426
842857
258306
301994
301994
301994
805816
561819
793556
793425
795589
791580
796689
829672
793162
795589
200251
506888
339986
783730
635462
177959
271731
805393
505555
482249
553208
98931
843587
482249
141119
684418
413650
149511
93438
817466
812711
698023
845714
101223
426040
639702
73443
224548
314692
230580
432403
747747
260633
811089
778205
836653
427709
844315
177342
299117
26272
524162
466245
773082
769021
804481
773082
771110
784167
369874
568979
848703
849016
811108
824670
88007
386241
830866
769522
10498
775100
56457
754895
785699
754291
590957
328179
519963
844538
27129
758972
761670
438339
318283
534107
594975
660204
342695
849812
671818
136592
334474
150999
423585
774007
756389
758031
849990
66987
810695
371691
1785
268323
253954
253952
550986
796714
835407
848744
256002
34881
830884
63199
61974
5076
532184
829685
42826
557504
828546
20909
27330
708443
297950
813086
537648
724890
743936
823830
730795
733824
726508
726127
722945
723046
724653
730102
720587
716951
723581
751236
840597
851641
851641
849277
841052
838734
836659
840480
842631
712310
850844
652471
667457
655599
849024
642724
848220
853486
713671
650645
853486
641111
850844
853486
652471
700455
670185
654998
793201
717346
826472
714297
830604
852806
834891
835320
855413
847190
835223
836659
846952
849710
851590
618876
717633
654456
839368
607250
852679
633678
853450
822032
793018
855195
777756
590425
852679
824157
827582
839389
828500
828226
830281
835343
828500
536127
851060
499772
545214
558187
560014
501917
493319
523874
541481
794153
496094
548843
648590
820588
822983
825268
856304
431726
801923
484477
452343
610090
837964
468212
778905
840482
813036
818773
816752
818491
816752
855379
829484
368349
369212
728574
359441
650366
653671
400598
371736
691308
728574
381435
728574
817339
365439
386815
361461
809037
811290
852058
811081
810450
852058
833826
834257
330253
795577
291272
836836
344519
625980
803641
805643
807447
807527
266025
216189
291567
265272
276449
274717
222426
491129
808743
851675
850648
802916
832120
339986
783730
232121
197188
522170
203004
615915
167394
791203
794155
817395
796265
797262
852026
434261
137468
553208
86452
99088
482249
788190
787424
791203
642588
750798
744041
838013
111815
55636
748938
40915
855781
341234
456850
44436
55636
314692
141119
780599
785409
785409
787807
851039
743795
329354
782875
802881
856338
842348
786917
16635
235281
734178
690770
28603
856324
58775
24329
773455
782875
836653
834271
713582
257016
713245
758320
559257
813622
754895
853481
69793
559257
257016
17938
559257
274292
776670
243379
856389
853481
764055
769078
769522
834057
611464
735993
588159
588159
50908
186829
292961
423585
136592
108407
763322
612517
528997
554333
851628
323523
816202
703486
371691
253952
461585
646830
855194
528997
467940
851258
852101
852788
673633
305824
277825
835619
104158
855851
760723
15125
753777
753777
841018
841018
771716
748252
730206
733824
716951
719477
723581
723046
724653
765680
777756
453014
858012
848680
859029
849711
850478
850690
853703
851590
841052
859430
846952
649686
714898
853486
655599
652264
720742
662318
647736
647343
716951
691366
846211
703156
681918
720742
716951
827938
834591
858830
837607
858830
849775
841554
607685
586372
741446
645093
822032
742519
591623
822641
626687
575455
714342
835210
585803
832067
852806
846108
834891
854595
834591
837786
834608
855413
834266
566287
560014
501917
805326
514323
567432
571856
518011
565874
541481
827582
824157
856304
828500
830281
452343
726640
435230
807970
479468
474819
431064
485569
498704
433770
861739
495750
822587
824600
820561
856304
650366
358935
394972
728574
598536
379535
365439
817339
818491
818413
816752
301697
393948
620968
324795
340392
625980
316906
781469
809057
810450
811281
808638
813232
859232
809037
810450
814831
842857
646058
545429
222639
627949
301994
267343
491129
274717
257474
805274
805493
804907
804524
807527
804140
805493
804141
808543
808948
807447
170990
153338
783730
835419
211592
217250
463102
710819
861795
851675
802436
798585
800030
859593
805049
848807
296884
857879
852026
120478
843587
380720
769828
730351
143802
802088
860186
797990
829672
855781
857668
55636
845714
76985
101223
111815
48424
861298
855781
75823
260633
314692
483667
860466
788712
788712
791203
858735
628174
189891
860561
558969
804234
817466
784439
856338
854269
857583
432656
858780
31664
856918
856324
824670
16244
856918
328058
136968
782875
776067
851235
802881
755338
328179
842853
713582
834271
590957
684087
754895
817211
859315
335495
266574
169059
257016
653674
559257
29043
813640
328179
773082
771892
771892
136592
254782
660204
6473
27129
858831
859017
660204
834058
831230
834058
17938
834022
277484
764055
767458
852068
784167
852068
703486
228498
850954
773382
829685
801522
268323
46767
296044
687753
855194
136592
762442
759720
759720
852101
828546
858549
578260
751114
860216
774044
543682
116217
438032
754515
784187
743738
737609
730609
730609
857790
735280
725296
730102
859593
743956
575459
570074
812138
815941
859029
856625
858878
865989
859361
849710
853703
852898
853505
861899
863864
864232
667512
716951
728555
850844
709367
657186
704026
708875
774191
726508
702631
793201
674684
853486
846714
851641
847587
861234
585803
683579
597002
580610
822032
777756
604192
787082
629377
767532
840597
841052
841554
858878
861899
851060
527391
507732
851060
566499
526652
820731
543983
624102
535383
852806
854595
833363
834749
835320
840482
452343
865339
791229
485569
766971
778905
462830
839389
827954
826149
827954
826403
830281
728574
821817
369116
429484
834037
403324
381435
809819
728574
822774
822587
864878
822983
826149
864402
362126
845876
301697
620968
340211
313549
813869
816752
815773
863973
280895
474932
265272
865984
865004
713797
737355
859232
810184
815199
222426
668982
215653
190770
161352
197188
611237
803891
805493
380720
843587
852026
482249
127591
153338
783730
764708
380720
796987
796987
798242
799685
540917
141119
426040
857668
698023
230580
55636
93164
772339
111815
824579
93438
794513
793162
798585
866886
796987
747747
177342
864525
47201
639702
466245
465982
787213
860561
810995
787014
791203
242609
739195
865083
427709
811108
539906
812711
856338
844538
689095
813622
863797
301577
301577
864371
713582
754895
325378
512190
778598
778205
89302
29407
858831
438339
834058
57522
56457
849812
56457
735328
660204
771892
830884
462782
416009
1785
365743
29324
253952
835407
371691
647962
600839
528997
766624
764055
855851
858549
673952
708443
852101
530809
865202
851628
290895
63199
530809
40496
760422
753499
752648
754515
849990
755329
757606
747006
750360
841018
746878
739480
730795
857790
859361
863864
864232
857469
870438
865062
856967
865989
861899
861234
867471
869286
754289
717918
652948
709328
703919
716951
705237
705237
717918
689099
703156
853486
683062
733766
846714
847588
847587
848602
849773
849711
847587
847588
851694
850921
853505
850921
849773
850921
867778
636962
777756
586372
648215
641111
633678
585803
648215
597002
629377
670185
835210
647736
841052
870227
847587
847588
847587
793018
581173
560014
793018
794153
865338
851060
770183
867780
872801
667953
770183
834266
836659
841362
840480
840234
841362
846830
844427
841692
849775
464769
484897
484477
445140
493319
865339
452343
484897
687665
496094
481967
478838
831596
830281
830604
852806
836205
835223
854595
837786
836205
861739
369116
868470
395218
563176
430809
650366
439756
397748
381435
403324
824157
828500
869066
304459
480527
827205
870643
485418
494320
629385
845876
314068
817773
843354
825268
826149
842857
278798
411995
249389
274717
870654
276449
451062
291567
659383
270270
873400
805816
620968
523663
816752
818413
872010
217250
339986
222426
215653
190770
660037
417659
232121
339986
197188
203004
807844
809963
811081
809963
859232
811692
272963
127591
482249
120478
506888
177959
708586
522170
191929
380720
684418
783730
153338
806197
804907
805643
808543
861298
748938
214780
483667
163826
650461
553208
419626
305950
852026
93391
845714
341234
55636
314692
341234
314692
796689
859236
796987
799687
850648
799685
799687
800030
803130
58817
356233
243707
26272
793136
793425
794155
792497
817395
481166
90119
31664
684409
854269
824670
136968
870572
90119
569402
865083
524162
88007
569402
506873
533584
58775
775100
755338
328179
653674
559257
189602
754895
16635
301577
8685
779850
817466
788190
785947
56457
529484
834057
667442
767094
735993
588159
89302
56457
871638
834058
333602
186829
423585
108407
871638
774900
781344
612517
323523
258942
275070
96242
254782
829685
796714
233738
155947
253954
34881
550986
773382
289859
218768
5076
858288
371691
858831
773082
31394
760682
48702
869798
848744
33301
858549
855851
673633
835837
724890
751114
530809
532184
15125
835619
716724
764055
769021
762475
761670
739163
752615
797514
823830
876518
876791
868881
871034
873274
872680
873892
862489
864232
875816
733237
730609
705237
718789
678698
662435
716951
705237
857790
723046
717955
820763
674684
774191
820763
717346
826472
724653
717918
853486
705237
684950
733766
876052
878979
859124
879380
856625
607685
668707
604390
777756
650645
865426
647343
717603
640214
880438
655599
629377
850921
846714
847587
850921
879018
852720
853505
853380
851861
880880
555472
526652
535383
648590
581173
570465
571856
805326
567432
878932
865338
822641
840234
846830
841362
844427
445019
510169
502745
545214
453014
474819
510169
865339
498704
610090
667953
510169
846830
858830
837607
842631
841362
841362
728574
376067
430809
532536
691308
477729
445140
494146
879650
397748
394881
817339
778905
831596
834266
846108
832067
852806
830281
834608
869756
833363
322479
707651
870643
625980
877873
660129
371736
356442
363813
629385
827582
876233
659383
304459
266025
274426
870654
878730
878933
864402
673439
267343
824157
822983
826149
190134
339986
808209
876355
301994
835419
207000
222426
773680
710819
861795
816752
872010
816411
816134
818491
708586
482249
161352
880382
151746
522170
769828
880382
545155
808925
810450
874382
815773
141119
553208
876086
857668
843587
432403
419626
75823
852026
341234
314692
803641
879184
807447
808948
632217
803128
260633
211912
189891
655097
101223
236460
398782
632217
797262
803130
90119
533584
587650
858780
88007
304454
880854
793556
853481
842348
856389
857583
503628
689095
328179
817211
29588
813622
169059
243379
859315
865083
784889
787807
790851
829672
160951
813640
287303
27129
877500
599732
831230
334474
818656
844538
671818
89302
56457
766984
758320
871638
787424
218768
43342
462782
156060
467940
554333
647962
528997
61974
268323
136592
171105
767094
287303
46767
858831
855194
778205
877721
760723
96473
708443
828546
855851
852101
530809
532184
769078
774130
766989
771892
805405
756072
754215
755873
784187
754215
743956
872680
873485
874122
878779
883730
867778
871830
701793
820763
716951
879950
678698
705237
720423
725296
723046
703330
853486
705237
743738
859361
860194
860498
862479
860085
885200
863018
877300
878779
883618
880438
627151
651207
609878
627151
885169
633061
657186
626687
647391
629377
777756
855195
851694
880880
879380
856625
870438
855780
858143
886262
855987
865989
865338
822032
527391
741446
885005
535383
878932
566499
848602
847588
847587
879018
853380
839069
865339
468212
880925
880698
726640
510169
479468
878406
840482
510169
841362
844427
870227
848308
879416
882965
452343
403324
807970
661379
691308
435230
494146
840597
841362
841052
846830
841692
841052
841362
841554
881142
845876
369116
376067
349347
731472
728574
877873
805797
728574
621672
356442
852806
869756
835320
438452
881808
442106
301697
836836
304459
274717
297637
620968
276449
287256
878933
267343
737355
258306
627949
288011
823586
826046
830755
826346
190134
215109
884370
339986
451062
777674
200513
884370
210991
886476
822587
880341
885701
296884
154585
635462
783730
413650
522170
271731
816752
813869
815941
881824
92479
748938
111815
398530
426040
553208
698023
314692
92479
594201
230580
419626
55636
341234
852026
545155
74713
809057
811692
815199
810995
243707
41872
114357
747747
466245
860561
48424
41872
36715
887265
802436
879184
874382
808543
90119
102281
739195
506873
880854
356233
427709
427709
523664
811108
796689
797707
798242
800030
804141
804140
803891
865083
754895
865083
734178
885861
10287
865083
792497
223987
339980
842853
318283
877500
438339
335495
754291
47767
786430
784889
791580
646830
660204
287303
882480
96242
829685
66987
253954
253952
371691
660204
287303
885192
6473
858288
89302
812711
786430
805393
660374
557504
27330
1785
673633
467299
852101
274490
673633
855851
673633
887279
290895
769522
774130
758972
774007
754515
831934
752648
887197
878779
889816
872680
871034
874122
877006
873485
879445
873773
891662
888508
701793
866837
754289
705237
723046
857790
747006
820763
714297
774191
712478
730609
682945
712310
716951
752648
750360
868608
866619
867197
867197
871034
868339
868608
871830
870614
872147
887536
747333
642724
714898
652948
853450
793201
604192
777756
860498
885200
888773
862812
889220
865915
863018
884856
536233
888359
585803
865426
536233
867780
851060
840965
872801
563891
548843
820731
888574
857469
855987
853989
886262
860085
858143
886741
860498
857917
501917
508191
498995
880698
888998
460109
865338
766971
484495
846714
847588
847587
879018
854626
891406
852206
395218
566055
418877
401092
416660
394972
865339
837964
415545
841362
844427
848011
845876
330253
335785
349347
376067
728574
323223
359441
882965
379535
399923
360336
728574
884329
846830
841052
841362
887614
314068
876233
267343
362126
274426
297637
620968
309140
291567
270270
831596
852806
834266
875647
837786
220472
668982
210634
200513
417659
217250
890307
660037
611237
372903
827582
887647
303387
127591
166064
764708
688793
822983
824157
314692
434261
314692
744041
842780
845714
99088
75823
419626
842780
818413
814037
829484
366807
177342
857668
639702
28480
40915
518027
808925
811290
427709
3073
90119
854269
506873
889738
427709
31664
804907
805643
806197
532511
755338
754895
644087
328179
890282
864371
865083
512190
885861
818803
588159
29407
17938
519963
116301
891254
57522
333602
792550
796265
887423
660204
773382
287303
50908
528997
371691
891420
611464
287303
858831
884937
784889
61974
612517
492070
252503
751114
104158
63199
673633
773455
890105
761477
764055
761477
754215
755329
754215
884576
887536
885308
887549
886757
878251
882149
889816
878779
882149
890584
718692
701793
718789
684315
685555
739480
726508
700655
716951
897493
684315
717918
689099
873773
876164
871107
873681
876405
871034
873681
874375
873773
879445
891662
649686
747333
654998
633678
634403
627151
777756
683062
666094
634403
876518
868881
867197
871107
872135
868339
868608
872147
871107
873773
888508
586372
893846
581173
565874
668707
884856
570465
590425
591623
822641
563891
560014
567432
835210
859361
888773
862489
879380
860498
860194
862479
895635
859263
865915
862904
498995
678003
524813
496094
510169
474819
564927
526874
495750
526652
853299
854626
870438
886262
858143
859263
860085
859969
808327
401092
617091
477729
431491
617091
778905
847588
847587
853505
853380
855595
369116
731472
892593
660129
728574
340392
691308
892593
781469
844427
897043
875104
280239
316906
267343
280239
274717
301117
305127
297637
685401
620968
323050
304326
846830
841052
841362
897311
843327
893070
650087
190134
200513
197188
291567
890307
710819
203004
861795
257867
832067
834891
153338
138856
708586
876355
303387
161352
783730
886476
339986
895636
196979
895636
769828
730351
826149
852026
272963
553208
76985
120478
314692
650461
419626
842780
545155
851989
341234
894569
820561
55636
329354
781662
211912
558969
632217
41872
816752
894569
858012
90119
319245
889738
427709
242609
26272
510750
3073
524162
189891
898779
88007
812138
813232
808638
810773
169092
16244
653674
865083
506873
897285
859315
10287
328058
423066
689095
672089
865083
879184
807447
813640
631324
895650
890282
754895
39445
335495
56457
898146
898297
870936
891254
834022
797262
797707
803130
287303
660204
423585
416009
887423
136592
277484
287303
801522
371691
898278
834057
769209
599732
891420
817395
894191
793292
673633
895605
228498
438032
673633
858476
673633
256002
898909
116217
787807
894191
894895
829672
783138
786081
773082
784167
765680
769021
766624
771892
805405
761670
761477
852101
899238
218768
881808
818491
873681
186242
252972
899648
877721
467299
829484
863745
793425
61974
872801
861106
899709
822032
451238
880637
879380
869578
349347
169092
268323
540917
895636
755450
876164
607685
267343
143802
462782
442106
861234
111815
887197
899935
532184
55636
879184
715622
860498
761477
872929
453014
867043
554333
835619
802436
301994
890584
824670
887614
885308
260633
566055
803641
684087
169869
889816
634403
828500
891609
460109
266025
571856
546738
866703
894640
543682
559257
894643
900292
527391
840913
257474
844427
546738
210634
852806
878251
785947
846830
190134
817339
893070
106754
900849
730356
893985
901008
846714
709461
522170
688793
859361
687753
671439
901041
699113
814037
253952
253954
169059
884491
838882
19756
857469
323523
842348
426040
169092
890105
848602
412465
678698
870227
895605
673633
895635
847588
873773
684315
847587
876233
713236
787807
894484
367811
660204
747333
841362
884856
565249
843587
671818
508335
301117
895650
793162
900898
275486
897080
118834
114906
274426
894895
901623
683579
266574
418877
215109
299180
34484
879378
778598
871107
1785
871034
687420
698023
783730
902075
297637
886770
862420
766318
754895
902151
902148
902274
869045
822625
844538
481166
393948
199673
594201
794155
176827
824368
813622
29324
885005
840480
877721
873681
899648
793556
848011
541481
851694
887420
902314
849710
267343
650645
287303
842631
818491
883618
655599
713849
898278
713834
646058
862812
838013
654456
291567
653671
888646
877873
310543
886312
111815
93164
783058
867043
792497
674684
859969
305127
858111
818270
281022
708875
894569
730609
101223
535383
887647
900898
177786
244705
684950
647343
466245
46767
849812
871034
899202
810450
524162
704026
28480
304454
811108
885192
852026
553208
339986
190134
620968
753624
889738
830884
366807
371691
898663
403851
787082
811081
814634
755737
19756
903630
141119
687420
869045
871034
709461
894484
826472
800030
873773
865339
735328
865338
887265
636962
34484
243707
882480
314692
808543
427709
903936
858111
887647
852206
860561
855195
812711
901016
600839
737355
462830
89302
755338
774130
661379
829685
838882
138460
275486
898146
904877
904865
75823
905078
743956
656111
743738
287256
770491
891254
526874
878497
858831
290895
871344
38334
627814
900398
313094
728574
905242
347340
865083
539906
892109
687420
701793
871830
267343
854626
896074
872010
825268
524162
747747
843327
28603
5076
870636
888508
670185
859969
855290
672793
769787
695684
763145
233391
667457
685834
680976
751046
591623
741446
584391
579937
610619
555678
491051
764450
627635
498704
766971
450187
464769
686517
651918
468702
340392
728574
540469
768067
750222
362126
768067
393948
386833
266025
267343
504886
615915
257061
192665
597579
611237
482249
137468
173741
770432
111815
314692
93391
83128
86452
632217
23265
58165
736267
772339
702526
398782
692784
756539
743795
739195
768143
759423
732451
768143
369874
755338
419025
766984
754895
460323
754291
44071
671818
646830
503668
738367
228498
532184
317072
726054
760960
766787
750062
20909
313190
708443
758046
39009
644531
234999
195784
517595
24367
771542
771630
363789
488736
724994
763322
761867
760434
767098
749914
599705
654456
590425
579937
633678
746878
759403
474819
645196
493990
743936
409339
563176
422451
428222
556439
430239
752670
394972
394285
594854
760665
653671
446121
753155
731413
707651
762012
767133
726508
249389
417659
451062
661656
769977
197188
635462
192665
713849
111815
125866
765924
744041
662974
30329
769787
765763
225444
94005
690770
90119
684409
695684
348835
88007
770715
679463
716776
685826
767401
274292
678746
767094
732902
611464
292961
669619
104158
492070
228523
752665
710174
578260
545066
750062
654998
727286
351189
724994
676859
652264
638476
767532
633061
665216
709328
709328
712310
700221
701793
696846
681178
670976
717955
743571
651207
655599
652074
647391
757831
753056
641181
628754
690626
768227
749533
755143
749859
753928
746878
737609
763559
745634
741838
737993
730316
730206
735280
733237
752615
735872
767133
726313
764648
720362
751236
685675
655032
619101
563991
767098
579937
607250
580610
777342
524694
616768
682998
750086
429484
729422
344519
760665
381435
485418
769977
529913
233391
232121
199456
434261
769828
281495
191929
72004
355199
168523
510750
772916
643341
512190
713582
754895
266574
775100
775100
69793
43342
1785
773382
773470
761798
253952
29324
462782
66987
395059
774044
43635
95030
31394
707332
421238
739659
492492
647270
82610
682270
596941
767641
776828
777595
762442
604390
597002
561706
579937
618393
633678
758031
757831
757540
652959
546882
776669
776667
686630
749533
474819
458445
773819
425228
680128
483717
743936
691308
395798
570256
776676
667623
709906
773678
739004
274426
718886
730795
731769
302745
270270
760472
627949
403011
312619
723046
726091
771762
730316
137468
773680
198297
522170
232121
192665
366377
177959
597579
719477
723046
767133
767133
111815
76985
213049
109686
272963
413650
747747
211912
314692
69179
773835
47201
427709
765763
262729
100293
523664
50609
695684
703432
702631
243379
386241
759423
29043
438339
29588
169059
775100
631324
776670
139467
599732
660204
528997
656662
738633
677180
771802
578562
216671
218662
198190
777542
775366
14010
578260
327941
421238
777605
760723
760960
660474
771630
406218
775315
751874
53907
553127
644531
644060
64697
655599
652257
762442
648760
641027
767532
777756
713964
697277
689927
689920
680600
714570
732902
44071
38334
775366
669429
383873
661518
503094
631292
760434
683579
702305
631973
774007
759403
748211
743936
777334
747006
738518
739163
735783
762012
725457
767133
185102
649608
702305
699615
647736
689275
708595
721962
677180
659382
667894
752050
661955
702631
677593
743571
647391
691366
712310
708571
662496
689920
580610
779969
633678
579937
614946
603773
743583
590713
779969
742519
630870
601147
780177
559340
548843
559910
429484
464769
749192
489878
468337
450187
468702
362677
540469
772480
776676
394285
728574
760665
779972
285771
297637
317720
779972
285771
529913
249389
760472
660037
301994
261655
545429
261655
154585
698260
198297
742139
173877
86452
281495
214780
141119
93164
781789
540917
482249
111815
87740
772339
781662
260633
271786
99277
11013
510750
743795
781592
632217
30178
732451
721670
587650
522240
183249
235421
251958
16244
739195
684087
747598
776670
56457
601935
754895
18425
683572
159829
588159
703981
588159
625467
254782
611464
693660
160951
783058
779911
234647
228523
305824
5076
782824
402467
708443
750062
673633
728848
774044
724890
297950
673633
781575
724890
781575
511104
363789
363269
53907
336060
396330
287009
553127
517595
565726
29922
775362
778642
607508
617993
566287
522342
776669
559910
764450
497022
756389
450264
777966
458445
474819
778905
422451
739437
439071
746878
765860
358293
776676
362123
742776
480527
354420
362126
280895
773678
778835
734825
744986
777674
769977
291567
266107
646058
342973
249389
267343
770548
781241
339986
176403
161609
513723
770908
553208
137468
80245
173877
716951
736267
30329
329354
230580
714700
714487
26272
23265
770715
88007
772916
695684
671338
655778
767401
563330
292961
50908
334474
671818
136592
766984
750216
683062
773382
732236
773470
578562
1785
544152
42826
675970
434840
578260
40496
680513
434840
775366
16793
48238
553127
222231
406218
496400
492492
548563
744013
732702
650240
650240
647391
643381
633765
767532
714297
714907
776828
766989
756334
748211
742176
746878
743936
735872
739163
735783
770548
728391
725457
730795
726349
734355
713849
647391
709328
763145
663967
712310
714996
652264
599705
772658
665216
563991
769049
638476
769049
783995
535383
537104
559910
555472
766971
474819
488566
394972
563176
368349
400026
776676
330253
393948
769977
278798
267343
788836
787455
783730
783730
196979
773680
161609
632277
698260
148125
764708
143802
482249
87740
781662
58165
783512
783942
6384
26272
24329
240110
386241
68925
789100
160310
274292
754895
522240
755338
318283
50908
588159
61974
578562
228523
773470
108729
228498
578260
328640
222231
775315
354122
781494
596941
341306
786919
772658
781245
633678
779969
654456
579937
786944
579937
765561
766624
786350
524694
561183
761867
489878
450264
448313
656761
682998
774007
756389
756389
758972
375995
358293
653671
748252
354420
707651
540469
779972
344519
778523
746878
748211
627949
750222
258306
451062
403011
787455
266025
285771
741838
597579
478025
176403
611237
194055
232121
661656
710819
770432
257867
201428
623467
781241
735470
730609
735280
733237
684418
137468
482249
86452
788102
727641
725457
783512
744041
99277
99277
111815
143820
720362
719477
524162
398782
510750
581226
11013
30178
104207
770715
16244
50609
788155
710290
775100
267179
8685
785025
767094
767094
785699
785115
688095
550986
777542
660374
228523
716776
716776
95030
39009
781575
673952
777605
712273
708443
750062
20909
56931
673633
274490
82610
517595
53907
363789
24367
771542
771350
655599
647391
641027
771762
753155
730609
708084
685555
667031
710174
784167
716573
650240
765561
763322
762442
758031
749533
765860
751136
755143
783002
786770
773678
752670
778835
731413
735470
773835
614946
787082
633061
749914
568087
566499
777966
468212
728574
545429
201428
197188
781789
781662
785025
305824
789381
545066
781575
65343
781494
779969
606565
777756
741446
591640
769049
641027
793018
579937
742519
714996
616991
793855
634910
784167
794413
540738
550739
540738
646029
783995
532875
561183
546882
572508
489878
627635
772388
791229
484096
617666
777966
758881
758881
789687
422451
728574
366466
566151
383987
379390
413393
756334
756389
757540
779972
446121
362126
540469
351374
340392
760665
751136
749859
754934
627949
258306
267343
304326
264501
285771
743936
746878
748252
783730
366377
210991
192665
735783
752670
737993
482249
434261
434261
105554
513723
482249
413650
355351
633210
434261
764648
730795
730609
790193
772339
790193
314692
783512
721987
723046
726508
747747
743795
787213
725565
788155
427709
773322
328058
58775
794495
709585
243379
266574
386241
8685
69793
423066
438339
785699
754291
701793
745744
782824
402467
578562
408016
234647
773382
792829
416009
694004
793402
707332
777605
104158
773470
492070
708443
543682
739659
778644
82610
517595
672034
631292
363789
778625
16793
667541
670830
661518
660031
789659
660031
657992
793201
652257
720932
716951
683902
649686
784167
765561
765680
723046
730609
674684
754289
703432
769049
769882
555369
579937
468702
483717
749192
328897
267343
261655
282344
212925
272963
58165
675836
632217
684409
689927
747598
684087
776670
660204
254782
120677
578562
773470
673633
497619
541779
82610
327941
790118
783853
780816
787546
767532
690626
604390
702305
633678
773023
634910
650346
642978
630870
774521
777081
560014
776669
530190
555369
566287
568087
769078
784167
774900
773082
773455
784167
794413
458445
474819
778905
464769
687665
489362
765680
770986
728574
794549
776676
431726
757293
758972
760434
762488
763599
709906
354420
760665
328897
779972
485418
760665
754515
774007
792013
753499
627949
474932
280895
750086
171411
198297
177392
746878
281495
137468
482249
213049
667436
783730
428294
213049
738518
752670
739004
80245
83128
83128
83128
93164
718489
93438
111815
99277
730609
736267
795142
47201
30178
747747
299117
771762
723046
725604
68925
474310
794495
351821
716951
762454
789100
787419
16244
2903
386241
719477
671818
766984
671818
671818
36392
351602
228523
736
365743
796132
687753
234647
296044
63199
524508
402467
171105
528997
236839
218662
702631
578260
438032
544152
774044
56931
622854
297950
354122
511104
82610
566048
613686
644060
609918
678397
683062
667457
652257
752421
798888
797627
789537
777342
714342
636962
629674
793855
582693
617993
652257
672206
626687
742519
714898
634910
647391
641027
610619
654456
655032
779489
785977
804234
787546
805393
801491
560014
530294
580610
713176
548843
579937
555472
778033
802881
778598
778205
804503
507732
546882
484096
801923
777966
488566
617666
769021
773082
769078
773535
769900
773082
794413
773858
728574
429484
728574
566151
804611
653671
450187
766989
784167
804481
781469
344519
494320
540469
618246
360723
328897
762488
766624
270270
264501
379282
685401
239369
718886
750222
258306
627949
451062
257474
278798
620968
757293
803095
756334
773680
660037
576914
417659
192368
232121
635462
611237
576914
257867
177392
516052
749503
786770
482249
355351
177959
796898
522170
434261
783730
803078
684418
482249
191929
764708
799769
801492
799769
783512
56431
698023
314692
76985
93391
93438
314692
540917
75823
698023
799280
752615
736142
738518
801916
738682
510750
781662
803072
803128
26272
747747
730795
781241
802451
735280
770715
88007
643341
28603
539906
581226
68925
351821
587650
169659
804002
419025
725296
727641
723046
730609
183249
274292
29043
804024
512190
69793
369874
720362
716951
340791
588159
660204
421634
625467
160951
710290
734355
714297
66987
801118
801327
253954
253952
801522
767094
761798
1785
228498
234647
647962
292961
50908
773835
703156
709328
712310
578562
673952
578562
116217
583320
532184
274490
758046
805185
497619
95030
644634
541779
781575
39009
517595
360536
728848
613686
351189
24367
222231
286482
545066
496400
721502
699606
693660
691366
717955
759256
743571
793201
655599
798242
800410
797709
810350
800843
790851
796689
599705
638476
607250
745097
652264
633678
777756
717603
809084
647391
652264
599918
785202
785758
793954
791580
793136
549518
652959
776669
568255
568087
566287
579937
544695
561706
568255
551413
780816
782354
786919
784439
785202
785542
805393
507156
547222
729422
736334
462830
525464
808391
615581
777081
802881
781399
778205
780202
728574
383987
807970
444556
378739
691308
809819
791229
714980
439983
771110
773082
805797
805797
511967
362126
351374
810522
810720
393948
810522
765680
766482
769078
771110
784167
274426
474932
710184
627949
267343
810928
285771
281200
762442
796059
796059
808209
301994
176403
750360
754515
755329
756389
755329
757540
796898
105554
413650
783730
769828
482249
748211
786770
803095
426040
781789
783512
642588
343346
314692
111815
93438
272963
58165
743936
745032
746878
748653
674919
211912
398782
260633
236460
298153
262729
772339
810732
737609
90119
770715
427709
773322
739195
787213
811108
730609
730609
801916
731769
522240
29588
274292
243379
274292
243379
274292
771762
747316
720717
438339
713582
266574
735328
808430
334474
671818
150999
726091
806507
806504
594975
210566
660204
738367
599732
29324
136592
234647
550986
646830
334226
61974
462782
231421
600839
713964
713964
497619
198190
673633
557504
777605
20909
56931
290895
660374
497619
40496
673633
739659
703156
578260
354122
751874
31394
622854
708443
810517
644060
724890
697721
688095
771350
683902
667541
789659
661518
710174
789659
803546
804103
806200
804103
811290
800410
801491
800030
799746
803641
811851
657186
651207
643381
787082
684250
633061
714996
692460
647391
647736
767532
811851
659382
652471
798087
622816
743583
634910
652264
667457
793206
794230
793206
793195
794230
809955
812084
560014
749914
565874
741446
591623
764450
811085
652959
814449
532327
526928
561183
579937
597002
547175
565088
814546
736334
779489
778598
804234
780599
785542
812225
749192
778905
804611
394285
813652
413393
714980
807970
687665
439983
794413
777781
780202
368911
359266
805797
728574
614660
475593
728574
487488
804481
713797
480527
316906
266025
297637
249389
274115
291567
258306
761684
261655
620968
646058
766482
777674
339986
366377
808209
516052
295230
815799
576914
758972
809996
224467
137468
213049
814253
326438
796898
224467
815402
256305
482249
783730
774007
756334
753499
812756
758031
755329
553208
230580
626760
575920
314692
141119
456850
75823
803095
799735
523664
298153
811089
329354
299117
747747
632217
40915
30178
811089
801492
743956
743795
169659
739163
739480
58775
8685
721670
772916
169059
139467
16244
235421
719818
183249
159829
730795
730609
730609
738633
56457
813640
813622
160310
754291
728391
726508
727478
754289
146672
611464
796714
236839
769209
703981
804608
5076
146672
723046
812038
740934
305824
774044
42826
497619
814545
256002
104158
673633
63199
234647
815846
274490
816202
751236
718789
16793
760723
813086
492492
771630
644060
541779
815832
816061
327941
644060
609918
709367
702631
703432
793402
678397
708571
746878
716951
750360
683062
755143
741838
626687
793201
641027
633678
683579
745097
820731
603105
736334
397047
639092
364456
627949
659383
611237
522170
105554
803072
512190
17938
713245
766984
261159
707332
820743
234647
60349
228498
808543
809037
820186
802436
806974
805917
806200
636962
604390
798087
714898
714342
767532
654998
798087
647391
767532
808743
796689
798046
800030
822212
804103
814578
610285
565088
545076
777342
786663
541348
742519
541250
548843
590425
821335
822032
654456
794940
793425
817395
818679
794155
818433
796265
811085
507732
766971
578295
808391
811085
532483
498704
532483
484477
526928
816272
817466
788190
805393
794513
793206
817395
394972
563176
409426
714980
749192
817339
801923
598536
484089
394336
821817
714980
460109
653671
816956
780599
792062
785542
787837
787546
322479
328897
781469
359441
368349
330253
344519
810206
475593
364456
817339
822036
511967
728574
774274
774900
780202
688435
523663
817367
685401
707651
750222
688435
278798
821913
774639
773082
810928
199456
808209
815799
294175
212925
766989
771110
482249
482249
129204
256305
326438
482249
411101
137468
764708
803078
256305
812756
763322
758881
341234
698023
642588
744041
99088
812223
296884
434261
575920
86452
76985
191929
93438
751231
757293
754934
819896
819896
818501
298153
811089
803128
632217
811089
745647
510750
50609
28603
690770
68040
743936
748252
24329
386241
818467
587650
684087
752615
738518
743738
743956
817211
318283
588159
57522
818803
39464
730795
730206
228523
529484
761798
818656
254782
50908
594975
258942
362085
168830
801327
720362
725296
723046
724850
612517
673633
198190
716951
720587
719477
328640
644060
503094
352010
716951
714297
773835
700655
702631
693660
678746
792308
677207
762142
762142
819896
718789
803923
773455
811290
784167
725565
703156
744271
801916
735280
756389
716951
720587
652264
811085
814546
340392
598536
822036
270270
796898
326438
22492
775100
824182
290895
818773
817423
816272
821799
822872
808543
809037
812138
811281
813232
808638
808543
811290
826131
649686
677207
793201
691366
683902
661518
654337
654337
639563
777756
667541
639650
767532
714898
802436
806197
805401
808948
806197
822641
566499
824374
822032
544695
794940
800410
798046
800199
475679
474819
474819
478838
526928
791580
793425
818679
794230
796689
826865
436097
639092
639092
714980
460109
785202
793954
787837
787807
815529
802088
793136
322479
364456
816956
804234
780599
781674
782354
780816
784439
785542
405899
544904
573738
274717
274717
322479
258306
267343
523663
304326
659383
794413
778205
777081
780202
782138
827508
576914
197188
545429
817367
210991
710819
661656
808209
192665
769021
774639
774639
783730
506888
186242
482249
635462
482249
177959
769828
684418
413650
137468
796059
765680
112254
822616
75823
824579
341234
704786
314692
111815
143802
214780
272963
762442
819896
426040
639702
747747
772339
811089
260633
58165
747747
751231
752648
754515
88007
189891
26272
9908
481166
427709
524162
787213
827439
749503
58775
386241
739195
826266
773322
328058
69793
801492
805106
786770
743956
713245
340791
735328
817211
266574
813640
671818
438339
720717
720717
739480
528997
801522
550986
253952
253954
660204
760992
673633
120677
20909
1785
198190
492070
48702
34881
815846
532184
543682
408016
815846
116217
771762
723046
65343
352010
578260
517595
644060
810517
724890
717346
716951
722945
818810
824779
769078
766482
826131
812646
803923
800030
822212
801491
793052
820561
824600
642724
798087
618997
641111
677207
657186
689099
674684
716776
647391
809037
812333
580610
822032
586115
565874
645093
824374
607192
541348
604192
609951
830339
805493
805643
808543
806197
806200
811290
475679
766971
495750
545214
764450
820731
811085
526928
802086
800199
802436
429484
610090
433770
778905
821817
400598
436097
791229
639092
468212
729422
460109
403851
793556
829672
817395
794513
797262
826865
831316
796689
796265
359441
487488
397714
394336
728574
817339
391363
392293
809819
358935
788190
821867
787424
831448
792264
821913
713797
316906
805797
266025
280895
573738
730040
393948
362126
620968
274717
817466
812711
810928
232121
773680
517571
761684
301994
737355
817367
474932
291567
258306
261655
198297
701309
778598
778567
778205
778567
780202
783730
576914
171411
154585
482249
482249
482249
769522
804481
784167
540917
80245
781789
75823
230580
428294
111815
831261
93164
456850
704786
93438
769522
766624
769522
781662
45914
674919
593678
329354
632217
811089
655097
40915
694781
45914
30178
812756
758972
758881
761670
762475
466245
828957
47201
107832
22492
539906
369005
755065
774007
755329
689095
828824
826266
811108
242609
2903
16244
169659
183249
243379
386241
811108
747006
747382
750360
713245
169059
829899
56457
342695
257016
29043
831230
328179
186829
776670
274292
813622
743936
136592
528997
611464
277484
156271
29324
529484
277484
594975
796714
277484
818803
760992
647962
823830
737654
737609
34881
829685
365743
61974
673633
816202
305824
34881
830884
296044
497619
687753
63199
40496
600839
730795
828410
511104
438032
354122
297950
828546
760723
496400
566048
622854
56931
813086
537648
722945
727319
716951
717346
708532
764173
764173
716951
708875
709367
708875
710040
708875
713849
700290
700221
700290
703432
688095
